26 13 5 304 1423
26 13 7 1574 1711
26 13 4 1712 2616
26 13 8 2617 2758
26 13 5 2759 3728
26 13 11 3729 3923
26 13 6 3924 4866
26 13 10 4867 5056
26 13 4 5057 5881
26 13 9 5882 6107
26 13 6 6108 7364
26 13 12 7365 7623
26 13 1 8559 9528
26 13 1 9848 10942
26 13 3 11773 12461
26 13 2 12621 13443
26 13 3 13747 14440
26 13 2 14552 15272
26 13 3 15443 16088
26 13 2 16216 16969
27 13 5 474 1431
27 13 7 1432 1681
27 13 4 1682 2422
27 13 8 2423 2581
27 13 5 2582 3788
27 13 11 3789 3979
27 13 6 3980 4972
27 13 10 4973 5165
27 13 4 5166 6200
27 13 9 6201 6412
27 13 6 6413 7498
27 13 12 7499 7695
27 13 1 8583 9515
27 13 1 9759 10762
27 13 3 11588 12114
27 13 2 12277 12874
27 13 3 13073 13625
27 13 2 13793 14430
27 13 3 14628 15132
27 13 2 15274 15892
28 14 5 210 1372
28 14 7 1373 1670
28 14 4 1671 2549
28 14 8 2550 2685
28 14 5 2686 3654
28 14 11 3655 3996
28 14 6 3997 4851
28 14 10 4852 5077
28 14 4 5078 6034
28 14 9 6035 6323
28 14 6 6324 7119
28 14 12 7120 7408
28 14 1 8168 9303
28 14 1 9672 10688
28 14 3 11923 12543
28 14 2 12736 13418
28 14 3 13664 14271
28 14 2 14500 15146
28 14 3 15330 15906
28 14 2 16060 16707
29 14 5 342 1379
29 14 7 1380 1556
29 14 4 1557 2578
29 14 8 2579 2718
29 14 5 2719 3811
29 14 11 3812 4075
29 14 6 4076 4872
29 14 10 4873 5019
29 14 4 5020 6034
29 14 9 6035 6206
29 14 6 6207 7220
29 14 12 7221 7417
29 14 1 8208 9240
29 14 1 9536 10538
29 14 3 11254 11807
29 14 2 12030 12691
29 14 3 12879 13442
29 14 2 13575 14286
29 14 3 14429 14997
29 14 2 15121 15753
30 15 5 239 1161
30 15 7 1162 1305
30 15 4 1306 2172
30 15 8 2173 2282
30 15 5 2283 3369
30 15 11 3370 3563
30 15 6 3564 4489
30 15 10 4490 4655
30 15 4 4656 5763
30 15 9 5764 5965
30 15 6 5966 7515
30 15 12 7516 7716
30 15 1 8601 9593
30 15 1 9858 10817
30 15 3 11585 12152
30 15 2 12291 12899
30 15 3 13041 13601
30 15 2 13780 14388
30 15 3 14609 15139
30 15 2 15302 15914
31 15 5 185 1229
31 15 7 1230 1367
31 15 4 1368 2448
31 15 8 2449 2601
31 15 5 2602 3489
31 15 11 3490 3752
31 15 6 3753 4929
31 15 10 4930 5098
31 15 4 5099 6322
31 15 9 6323 6527
31 15 6 6528 7985
31 15 12 7986 8144
31 15 1 8869 9818
31 15 1 9989 10929
31 15 3 11591 12137
31 15 2 12288 12882
31 15 3 13047 13598
31 15 2 13710 14309
31 15 3 14469 15005
31 15 2 15122 15736
32 16 5 475 1818
32 16 7 1819 1998
32 16 4 1999 3031
32 16 8 3032 3140
32 16 5 3141 4295
32 16 11 4296 4530
32 16 6 4531 5717
32 16 10 5718 5901
32 16 4 5902 6944
32 16 9 6945 7139
32 16 6 7140 8355
32 16 12 8356 8501
32 16 1 9293 10181
32 16 1 10602 11564
32 16 3 12248 12843
32 16 2 13145 13804
32 16 3 14141 14736
32 16 2 15004 15673
32 16 3 16045 16630
32 16 2 16823 17468
33 16 5 420 2088
33 16 7 2089 2263
33 16 4 2264 3774
33 16 8 3775 3883
33 16 5 3884 5145
33 16 11 5146 5337
33 16 6 5338 6669
33 16 10 6670 6852
33 16 4 6853 7928
33 16 9 7929 8109
33 16 6 8110 9260
33 16 12 9261 9416
33 16 1 10158 11046
33 16 1 11398 12304
33 16 3 13113 13674
33 16 2 13948 14561
33 16 3 14887 15468
33 16 2 15787 16401
33 16 3 16727 17307
33 16 2 17568 18201