1
2500 50 50
634 269 258 142
354 302 571 516
491 977 893 807
227 298 251 677
4 757 891 281
2 242 418 256
718 25 135 728
46 487 418 269
382 542 196 720
876 580 933 325
547 125 79 603
400 644 661 662
859 755 227 103
443 15 248 866
477 630 188 474
968 625 439 363
27 925 884 265
473 585 770 43
353 761 283 661
643 967 229 551
405 848 996 49
873 145 952 699
378 370 383 81
678 57 989 59
953 176 19 690
214 755 351 156
813 744 281 921
775 222 849 529
599 394 930 526
423 97 757 290
402 550 668 224
542 954 392 706
244 42 444 87
774 801 964 125
111 995 460 744
536 164 876 742
882 857 188 649
214 109 476 27
857 85 31 7
572 758 652 815
691 58 989 98
471 961 929 637
512 822 738 311
235 793 873 339
139 447 645 601
81 740 840 610
990 792 865 319
792 809 276 704
205 329 89 378
532 668 852 316
604 210 19 702
710 47 183 895
371 629 758 564
708 198 111 131
8 505 605 377
821 867 854 699
460 237 492 744
543 101 92 225
875 856 45 376
77 583 601 909
107 90 196 882
671 692 909 295
176 69 258 450
719 641 575 522
395 571 935 254
201 669 501 192
119 604 654 187
175 668 306 734
290 288 979 360
84 994 954 259
901 706 757 805
516 585 581 652
967 173 366 472
90 232 18 99
668 732 956 506
902 394 443 796
323 824 193 696
672 988 223 765
737 944 714 144
74 978 720 623
196 159 249 166
974 837 973 727
629 443 994 790
235 988 900 645
542 905 841 562
689 641 25 922
524 914 843 596
53 371 125 780
80 942 683 891
91 317 178 607
470 351 485 78
396 988 354 516
237 714 550 637
129 141 346 95
7 663 548 540
978 702 196 770
605 706 250 219
918 661 549 553
983 43 739 705
235 737 527 940
602 305 46 409
405 989 84 433
105 38 69 828
101 391 235 878
227 800 618 726
52 552 893 859
760 323 877 654
628 176 856 875
707 602 201 579
737 235 335 579
81 950 20 740
735 69 521 474
774 626 80 692
69 1 684 172
808 455 499 100
857 720 23 551
377 575 893 954
220 188 279 919
637 574 23 720
792 310 753 245
292 52 638 951
917 643 602 94
376 791 949 577
533 27 476 506
690 699 912 970
788 909 42 905
942 703 46 683
651 704 958 546
294 563 108 167
192 792 704 626
903 758 572 879
246 734 336 332
192 675 222 775
176 562 227 594
532 234 546 503
599 526 306 396
772 375 976 147
963 802 530 167
327 922 859 322
604 846 892 167
411 418 487 5
795 516 571 596
731 913 710 369
288 587 949 477
851 522 227 936
362 763 557 710
15 443 311 388
957 176 354 395
713 422 152 247
366 843 38 834
141 156 467 346
834 610 678 770
39 639 255 517
148 794 520 745
803 76 420 380
789 459 338 445
467 436 187 467
371 564 982 55
386 739 546 568
325 901 112 940
2 909 839 825
407 776 332 391
358 641 486 556
195 596 843 327
195 327 593 307
354 912 971 302
745 798 635 957
288 753 62 463
689 714 622 643
477 32 848 136
696 193 492 919
411 5 241 229
869 538 744 686
332 996 166 391
13 750 139 473
220 431 844 574
780 72 486 55
962 221 916 287
346 733 820 60
564 795 946 695
71 224 978 74
256 534 563 118
54 380 935 629
681 613 38 105
560 894 963 548
612 410 228 729
872 79 710 982
876 972 483 580
346 971 967 344
776 965 261 899
352 41 745 496
567 414 700 465
984 144 857 246
745 809 450 708
316 529 266 998
809 408 839 958
351 524 256 143
319 770 918 553
176 245 743 19
25 53 34 932
402 307 182 384
956 732 809 602
290 801 897 814
281 171 797 341
429 697 878 237
865 436 343 618
608 727 677 251
354 176 183 685
527 702 978 351
618 298 298 961
601 916 597 129
358 585 89 329
907 590 553 862
770 677 837 402
885 199 917 244
448 765 166 249
309 224 71 828
515 551 898 336
427 428 468 393
666 167 108 252
623 450 661 664
292 254 356 406
418 68 803 160
353 43 770 13
192 626 774 879
851 940 577 949
599 243 511 712
752 41 413 850
751 753 310 943
297 841 813 736
867 4 179 630
555 967 504 704
680 842 211 835
723 870 39 623
606 370 450 510
958 288 463 349
80 872 914 150
389 23 574 944
799 750 972 693
365 402 164 95
401 67 785 556
893 125 606 50
967 541 91 60
65 441 916 671
300 311 627 480
444 295 655 209
432 388 324 846
694 821 511 751
815 80 385 659
473 167 202 343
608 472 661 406
200 254 571 241
609 708 131 174
457 467 127 932
199 819 835 53
435 89 1 612
578 691 681 956
26 914 32 510
689 837 712 440
410 211 985 794
191 74 798 46
470 961 10 474
39 110 613 554
169 384 93 663
260 187 715 324
574 406 420 818
914 326 809 124
876 523 967 742
227 726 548 467
964 165 826 9
161 932 977 491
249 228 410 149
826 62 675 192
330 870 681 460
489 979 259 746
894 921 58 267
153 825 298 279
46 393 272 487
381 676 29 79
820 109 537 51
246 74 465 406
768 713 388 643
925 444 667 383
839 909 692 854
252 340 533 666
538 220 574 603
927 92 537 923
928 69 93 769
46 31 745 393
841 943 601 875
922 930 709 30
443 567 465 302
650 705 935 789
2 256 524 991
717 636 676 38
727 973 811 677
229 45 381 371
408 363 805 153
618 961 300 640
432 148 745 708
965 258 825 98
157 406 356 698
54 79 153 94
574 701 973 944
343 189 527 8
329 368 334 667
331 726 429 838
697 364 703 741
42 735 831 862
900 31 12 820
299 178 481 183
551 385 689 643
773 821 95 649
290 814 431 288
73 440 712 511
177 826 957 442
175 670 379 424
31 319 669 585
878 599 287 987
469 715 964 671
60 60 91 835
512 114 542 424
622 57 520 867
211 936 214 835
989 41 696 919
735 474 10 674
13 770 926 680
568 138 770 188
441 493 597 916
270 351 327 843
993 671 309 815
628 428 352 757
440 154 80 7
532 801 212 950
279 291 429 821
457 801 774 467
214 736 636 440
233 770 196 90
334 587 116 212
843 771 889 38
162 901 293 690
948 154 279 151
705 285 90 376
48 636 64 901
113 445 88 346
146 626 689 789
893 729 444 35
18 988 492 237
841 181 391 562
58 748 604 989
302 971 608 21
658 706 901 277
970 402 321 690
684 54 554 283
141 365 315 269
203 503 860 726
543 826 988 886
775 707 579 388
760 231 750 799
557 388 579 132
482 132 25 833
375 983 933 580
369 423 637 720
739 43 170 541
603 98 930 394
704 276 516 71
860 635 798 53
31 85 668 506
811 973 319 610
358 629 935 358
383 879 821 875
395 531 121 571
918 159 196 897
101 929 961 391
483 550 744 112
646 893 422 178
900 952 971 753
4 128 835 819
732 291 279 227
882 508 917 857
147 737 515 303
782 8 630 176
919 349 463 538
188 857 790 548
317 907 990 176
435 297 962 734
525 629 978 224
331 838 903 879
505 204 969 797
206 909 811 111
637 550 483 804
323 872 356 58
592 450 12 728
885 642 455 227
821 429 557 164
687 115 678 610
633 690 331 128
50 413 572 579
306 668 148 615
16 365 813 921
580 149 918 585
503 240 91 541
88 857 7 798
826 158 939 988
841 855 954 943
668 26 501 732
145 51 909 535
704 504 636 48
96 613 951 704
932 23 520 232
950 40 699 877
346 799 864 971
111 393 468 866
458 511 714 28
764 82 439 87
243 993 320 516
956 407 511 982
809 745 520 23
611 32 790 122
407 363 39 554
867 416 383 370
956 415 486 7
600 617 858 931
949 748 58 199
878 987 364 555
630 293 69 176
835 922 30 629
413 197 221 572
862 745 902 146
541 879 579 125
737 278 210 633
60 60 820 241
2 933 241 445
101 791 407 620
539 465 198 21
429 291 562 70
918 149 406 661
902 796 581 858
205 837 840 740
864 383 500 971
406 465 925 383
748 279 154 163
53 844 33 684
378 497 151 279
114 450 283 554
768 643 423 867
835 427 346 60
837 442 468 974
213 656 101 842
178 346 833 914
735 674 310 982
918 391 825 69
161 259 954 932
578 521 50 691
69 610 319 791
241 26 179 200
10 872 323 50
999 604 419 877
971 721 598 192
825 867 369 69
101 543 886 916
324 419 678 59
523 550 713 590
31 46 269 39
976 429 322 859
667 597 283 657
408 901 805 545
205 740 20 983
271 240 459 679
398 966 587 420
145 564 695 380
663 95 310 792
830 771 308 239
922 219 450 370
805 984 695 946
526 82 854 162
633 876 275 288
901 64 483 112
841 707 596 813
971 557 429 70
298 618 289 251
90 794 314 375
676 577 346 339
414 340 405 19
714 328 285 705
696 41 752 323
356 909 983 698
352 667 674 346
111 198 233 90
428 64 636 329
62 753 971 675
555 187 134 710
668 85 179 26
872 20 671 513
893 873 661 729
283 472 648 705
608 346 88 172
775 447 341 722
43 349 469 422
126 385 596 54
214 440 671 782
719 607 264 579
133 873 977 932
547 993 694 337
845 667 657 344
213 408 601 121
296 332 548 510
672 354 258 982
246 492 813 633
766 88 63 489
175 424 542 562
690 321 368 329
259 161 334 459
894 386 312 82
692 561 174 464
135 710 79 721
270 512 964 654
386 162 793 235
551 231 615 664
222 542 382 331
995 548 245 950
824 158 897 825
750 253 585 608
686 128 474 869
331 879 284 501
281 341 202 419
996 377 748 316
435 638 302 958
33 952 380 23
407 869 400 814
972 750 103 158
265 982 310 610
61 469 67 968
365 141 992 55
424 341 744 538
671 409 54 94
983 985 54 684
510 152 422 188
982 511 526 314
871 969 716 185
839 68 298 825
128 686 615 719
668 81 610 383
329 205 95 104
745 878 88 994
187 743 245 925
687 79 671 94
477 991 522 663
122 456 586 611
128 331 305 458
676 685 197 414
923 125 859 670
188 800 227 991
600 990 319 553
468 635 860 114
269 634 73 887
716 607 924 932
911 849 272 623
369 867 34 53
761 849 670 283
880 554 255 234
394 113 336 898
671 9 67 469
887 950 641 596
252 158 21 179
458 950 245 753
620 407 574 169
325 848 897 801
604 77 74 846
57 140 192 571
196 43 415 761
518 798 831 349
618 894 654 877
951 613 913 10
656 424 954 198
797 526 798 505
921 45 856 522
622 372 486 772
918 770 678 149
343 8 623 272
849 761 396 991
708 925 245 432
889 771 830 333
358 950 215 585
267 572 186 265
174 868 636 464
457 932 34 303
731 53 798 634
346 427 765 347
407 554 946 776
757 352 496 23
965 341 601 14
126 54 629 371
484 413 41 989
677 625 968 67
25 837 974 351
652 679 538 283
787 497 927 474
694 167 666 985
568 824 553 596
697 839 408 213
215 737 399 103
153 805 946 824
871 185 26 228
447 139 27 533
781 614 80 154
525 215 38 942
743 193 664 883
431 814 539 844
334 963 710 913
199 921 522 991
474 521 482 470
564 759 280 335
950 408 3 995
505 943 706 605
440 534 724 85
714 343 581 428
100 567 926 808
571 192 598 241
874 733 110 768
416 832 801 85
246 121 531 658
819 394 432 974
575 27 34 358
210 278 538 633
685 596 507 197
77 604 831 583
39 870 634 31
577 119 545 805
331 382 686 650
477 242 633 288
276 177 516 652
363 407 391 331
835 128 897 207
867 536 499 854
696 23 344 556
331 690 19 563
625 315 573 650
8 115 567 844
174 671 964 512
299 183 176 978
642 885 94 641
724 271 28 586
409 364 901 54
670 611 586 623
364 69 293 901
383 700 622 370
30 775 281 629
405 433 315 274
470 254 288 961
437 822 512 665
945 460 826 192
236 213 51 900
149 678 115 755
507 256 587 334
129 74 417 141
254 231 760 158
391 918 925 493
84 259 459 240
151 245 321 160
915 774 624 98
933 191 46 305
512 491 778 114
480 720 949 300
686 969 653 379
414 258 354 788
959 213 70 562
708 450 95 925
601 670 977 72
103 591 842 859
556 486 142 645
377 705 39 363
391 166 702 331
177 793 162 445
235 645 320 594
949 995 866 438
783 945 192 775
596 385 551 661
287 57 397 877
162 690 900 460
99 587 536 742
325 940 851 187
893 977 873 8
970 409 46 798
270 219 922 25
780 786 121 601
515 439 703 179
887 73 666 420
467 375 580 483
55 989 637 603
651 789 831 798
706 621 915 897
642 406 697 551
798 745 31 634
207 897 511 225
503 541 500 830
841 875 101 916
722 716 195 307
126 886 557 971
743 943 563 19
182 722 661 283
87 444 716 932
789 247 152 497
70 700 791 710
57 715 257 296
601 645 142 875
791 212 821 436
972 104 303 327
332 43 770 754
497 944 976 789
577 744 705 376
122 548 69 263
281 678 419 171
588 860 102 364
554 54 436 865
302 465 358 187
277 705 991 935
480 146 881 425
809 326 278 602
940 188 991 235
879 427 835 13
636 717 63 965
963 265 663 792
177 36 854 862
930 667 316 709
836 646 331 128
199 748 591 756
741 165 557 40
442 952 33 844
34 867 644 303
829 448 622 553
973 575 204 944
429 147 126 976
125 667 352 859
365 95 821 699
599 379 670 859
967 60 241 344
854 91 280 862
593 815 309 658
511 377 413 484
109 562 291 732
638 894 135 127
193 743 954 664
71 829 853 828
934 543 426 909
785 773 31 537
664 615 359 193
561 837 25 553
848 42 244 726
381 603 702 676
615 892 254 306
312 865 986 437
254 934 909 356
734 128 458 6
926 101 878 23
982 144 849 55
173 111 811 366
634 561 872 10
539 521 493 513
862 831 345 907
463 709 842 631
41 676 543 224
764 667 930 922
101 530 976 842
174 965 14 609
553 438 91 829
257 637 750 13
926 538 679 775
238 305 602 643
244 768 110 178
372 644 911 526
741 40 40 697
757 23 859 922
905 42 862 553
278 277 406 574
951 378 254 292
65 958 800 164
714 388 311 738
837 322 429 726
958 68 935 288
2 991 445 338
402 970 988 561
919 690 293 630
23 447 533 215
702 900 935 407
198 571 302 21
661 522 400 596
13 396 761 353
608 518 104 199
699 702 681 664
925 27 211 842
24 40 727 887
147 303 29 772
881 450 219 425
97 620 438 757
234 532 996 185
467 548 790 32
127 294 316 852
501 602 104 801
836 822 588 646
394 964 812 603
256 748 163 720
153 279 188 843
290 37 832 95
996 848 703 377
258 393 492 193
270 654 604 351
191 933 260 967
213 842 971 70
13 993 579 879
481 205 983 6
654 145 694 985
813 492 342 673
587 548 819 199
178 317 176 244
198 954 855 170
96 748 949 231
848 935 231 42
411 216 239 418
79 134 411 896
739 541 182 340
16 868 764 365
108 232 90 148
375 519 810 983
283 597 931 849
949 199 885 135
354 672 765 448
427 879 541 765
174 344 9 671
824 319 31 153
594 190 389 611
643 939 158 760
958 302 594 611
954 893 646 114
593 633 437 986
756 457 165 199
849 754 770 85
289 618 640 882
171 984 875 797
415 670 667 451
562 176 361 67
866 248 63 438
43 19 210 118
680 926 23 696
241 608 251 289
826 37 217 569
661 644 867 825
994 176 990 652
727 978 770 849
926 448 141 269
792 359 778 252
493 925 918 149
207 844 53 835
865 610 446 668
42 909 206 735
689 440 831 789
267 58 356 572
163 477 949 720
497 794 687 998
377 24 320 575
776 588 632 216
383 5 487 272
539 383 272 521
837 128 319 973
469 349 465 539
998 869 998 788
26 902 402 914
511 68 82 526
398 420 406 408
232 108 917 94
207 225 442 844
95 519 793 129
903 491 525 886
501 846 388 192
467 886 801 1
85 769 55 849
610 865 89 265
269 308 623 39
734 971 192 140
848 443 878 113
899 854 140 996
126 371 55 769
974 432 910 839
116 964 577 468
125 109 820 667
636 784 516 440
642 949 438 878
875 984 799 383
370 648 127 852
402 837 657 283
516 216 371 71
830 782 945 782
229 964 661 551
429 237 561 147
697 376 380 246
919 837 81 989
235 537 721 79
183 188 43 895
869 998 687 400
544 585 253 254
258 269 227 455
351 470 372 729
212 876 325 66
960 899 811 610
766 133 932 954
45 898 551 316
848 367 735 935
220 538 8 551
394 671 719 280
371 248 927 136
794 148 436 410
302 43 812 236
970 658 282 409
262 81 383 610
527 601 312 386
969 948 151 788
617 540 448 773
166 996 140 454
214 959 562 109
897 848 639 35
809 865 826 165
193 476 66 296
801 524 748 85
257 13 805 422
118 691 98 603
573 631 748 258
186 557 763 81
867 615 148 90
983 705 568 188
243 450 592 242
201 254 253 518
703 439 157 335
973 67 928 617
254 470 482 231
697 246 857 551
803 380 981 160
933 305 238 863
113 32 914 149
461 316 294 468
183 481 526 685
225 340 182 561
257 278 737 215
751 68 216 132
757 520 746 541
93 384 859 769
236 900 820 36
324 145 851 727
158 103 58 935
301 864 693 624
8 438 620 623
731 369 250 53
911 101 620 7
344 657 837 9
882 262 264 7
446 610 310 575
736 214 962 297
899 525 491 854
428 628 875 468
715 57 287 916
496 745 862 828
727 392 519 893
405 399 737 633
950 458 28 408
918 925 182 59
897 469 319 824
389 51 145 654
748 199 703 258
351 844 394 25
281 252 179 4
525 674 244 76
622 774 915 621
36 833 346 674
196 542 145 43
775 480 746 906
664 444 209 156
24 521 747 40
807 780 667 491
630 327 322 837
435 414 813 172
542 114 556 905
539 287 599 358
752 878 697 439
386 235 169 286
325 443 48 901
715 335 518 349
885 244 223 988
463 365 699 709
492 988 563 409
270 23 425 219
215 525 633 23
453 351 155 249
854 491 683 46
792 667 845 832
434 205 104 519
568 750 608 406
867 417 786 416
729 114 340 444
11 225 92 483
372 526 797 729
637 230 606 237
393 237 460 345
667 820 396 674
483 64 428 804
332 649 428 924
164 467 637 257
577 146 290 346
669 923 785 927
124 809 732 501
764 87 669 365
379 320 512 424
670 415 526 481
57 926 386 568
68 511 407 935
670 1 442 225
265 186 187 663
632 392 793 216
867 630 553 622
81 679 652 758
774 414 301 624
805 757 468 577
345 808 926 775
809 165 333 276
596 214 27 139
112 744 577 940
116 178 687 323
303 581 79 29
839 661 825 391
385 95 635 206
370 547 689 922
942 127 648 807
307 402 219 472
588 814 400 646
671 587 288 275
393 275 627 311
108 341 369 710
924 274 342 492
43 637 929 770
185 996 444 972
623 839 283 450
622 504 967 643
991 128 719 199
630 179 21 820
765 223 835 166
989 257 388 59
281 467 663 529
776 946 884 785
428 581 274 924
176 450 821 782
117 430 50 323
276 999 519 568
69 459 58 521
235 594 227 139
408 406 277 901
7 486 406 217
389 657 850 642
703 942 328 377
948 264 242 154
283 70 765 116
331 791 319 128
139 601 943 596
722 477 913 25
993 243 599 579
168 285 457 217
849 611 389 654
755 483 972 327
752 439 188 770
89 325 418 89
240 13 835 91
594 357 888 190
818 420 587 199
385 199 104 95
13 240 320 993
969 204 266 653
652 671 790 994
215 780 807 190
686 379 122 37
989 57 267 40
236 858 375 302
855 281 457 756
220 919 538 900
339 848 800 604
880 234 95 832
389 787 474 489
455 226 822 116
898 45 411 394
152 222 57 349
714 428 649 188
24 887 157 776
24 377 960 172
918 384 182 925
263 67 571 772
548 726 714 188
820 51 213 396
596 728 276 568
501 469 432 846
361 248 661 773
363 11 369 144
226 345 901 348
324 971 952 145
540 798 118 563
439 915 120 363
676 414 788 543
217 813 473 43
402 249 149 914
6 715 215 527
266 969 788 998
540 875 79 798
985 126 849 654
55 848 405 649
993 604 119 420
463 631 573 981
644 372 470 837
213 8 692 285
990 600 931 597
142 92 101 875
720 394 670 623
311 539 309 393
187 358 541 134
87 574 721 971
125 547 370 606
76 803 68 751
548 332 754 714
852 456 122 917
74 392 287 539
993 815 351 604
764 265 884 662
249 188 446 453
343 402 915 189
888 757 285 535
497 998 788 151
808 345 226 455
489 413 7 873
132 482 637 43
351 505 8 844
684 833 778 491
697 474 546 958
585 918 59 581
872 982 258 914
964 229 710 125
1 89 669 927
988 710 135 885
450 225 535 12
974 240 271 837
25 132 661 722
349 298 68 958
658 277 278 246
561 358 577 225
235 178 953 878
982 596 96 24
331 687 794 791
69 172 960 610
532 316 461 801
432 394 902 758
424 96 704 341
663 187 925 95
489 746 133 766
185 341 845 26
894 82 339 346
702 19 915 676
119 187 260 973
837 561 177 442
71 80 626 704
303 644 400 522
769 77 617 928
585 329 622 714
706 392 316 116
385 469 539 199
410 950 887 590
727 851 351 978
607 54 254 201
427 393 228 249
994 88 766 954
437 633 867 650
383 593 192 879
572 538 289 243
542 551 664 954
991 564 335 235
841 297 435 612
877 610 834 618
244 87 25 641
911 126 492 88
144 984 805 363
422 349 43 188
709 699 854 769
969 266 604 78
9 837 677 67
988 939 358 208
629 281 855 522
757 77 769 859
420 666 671 993
76 768 244 443
379 57 676 122
84 763 699 433
833 748 256 778
330 152 461 468
151 846 74 246
590 674 10 410
35 351 851 893
272 849 931 858
324 727 849 222
893 50 394 411
567 53 25 718
164 800 649 95
629 525 76 443
668 119 108 148
66 325 845 195
359 935 735 363
859 39 409 563
414 350 430 493
203 61 139 216
635 468 442 957
348 184 822 226
969 871 598 748
94 602 409 282
763 484 989 81
991 227 467 564
771 843 623 308
434 493 430 117
734 140 613 96
286 418 160 39
792 434 500 664
419 604 949 791
531 93 474 697
358 329 104 518
378 833 684 1
951 718 342 704
366 834 85 813
307 624 59 182
598 501 26 241
261 794 90 899
897 196 603 381
699 119 52 6
136 927 913 477
463 981 402 365
402 414 713 550
465 839 621 706
126 52 175 492
663 852 917 508
148 432 187 436
358 556 23 633
416 865 792 832
136 99 18 248
891 402 981 735
557 765 70 710
440 7 413 534
80 71 371 381
959 424 656 213
744 376 150 60
575 641 735 206
378 1 794 497
817 891 735 667
623 620 245 911
799 984 713 768
801 457 303 522
153 783 430 180
636 759 458 305
147 386 926 269
37 351 729 686
227 562 564 45
440 73 349 831
40 747 261 965
129 1 670 601
296 66 397 57
97 405 245 620
858 789 976 375
965 852 663 467
103 750 231 482
604 244 917 210
438 907 317 91
469 61 324 715
238 643 957 231
619 806 84 671
651 798 873 704
79 125 893 798
607 652 990 418
40 557 132 257
101 656 198 648
272 970 42 139
543 706 287 727
467 673 287 467
965 467 60 636
363 408 978 11
281 891 965 174
193 385 80 891
507 880 832 912
714 511 821 212
915 402 306 377
340 225 597 493
541 233 483 182
556 114 778 256
638 451 563 294
530 802 724 380
213 956 602 938
446 575 19 41
477 341 965 891
746 480 425 23
439 535 285 157
538 572 810 756
450 243 289 225
734 200 179 543
463 62 826 538
676 57 237 606
473 139 227 45
1 814 689 364
263 69 928 67
147 738 739 386
491 512 320 24
689 547 603 343
39 705 648 110
254 378 203 934
554 613 810 946
974 468 114 943
23 165 684 33
118 210 917 691
152 330 801 461
1 903 838 730
843 45 933 153
518 608 971 40
714 754 849 144
562 391 756 175
911 7 540 617
316 403 585 602
284 602 501 284
972 28 341 477
873 798 518 489
181 163 473 45
116 468 953 178
127 942 603 294
787 340 252 624
321 822 679 368
151 246 364 697
1 730 38 613
57 970 272 349
780 601 713 53
815 652 283 116
710 963 167 108
103 482 521 58
406 149 755 568
222 181 795 564
924 84 227 539
543 934 203 706
851 27 265 835
530 101 648 285
579 448 249 970
746 234 185 541
18 209 255 639
569 533 340 248
369 720 857 144
360 474 927 923
533 506 38 215
624 693 965 98
854 396 213 91
593 383 799 633
603 637 451 683
989 604 266 529
411 229 371 216
738 697 860 739
563 380 420 859
653 108 538 756
715 187 654 964
389 489 746 489
264 607 418 7
757 380 724 534
125 923 556 109
203 216 68 418
813 365 669 148
164 257 422 821
55 255 522 406
630 837 446 188
594 302 355 357
188 444 340 800
697 40 267 151
573 699 967 250
161 491 667 334
940 35 444 188
891 817 282 65
486 706 897 158
575 458 347 204
349 919 279 298
563 943 728 610
575 955 406 522
834 154 440 85
254 200 734 306
536 772 664 499
519 964 760 810
553 107 276 905
84 861 745 994
162 460 945 79
713 465 349 422
379 653 328 57
406 405 104 602
499 664 156 351
527 351 35 940
703 335 715 169
219 250 967 472
775 921 281 529
355 302 638 294
456 852 965 63
205 378 81 374
385 206 422 469
138 374 81 262
7 710 107 882
143 256 418 325
358 599 915 575
800 848 829 474
915 638 127 467
585 215 190 807
1 801 804 814
759 32 611 670
884 242 927 785
550 714 705 744
215 175 991 524
497 723 92 927
585 473 428 329
443 302 704 48
429 976 530 697
119 577 964 519
925 465 909 28
505 545 119 467
526 162 375 314
953 690 633 813
756 401 556 923
600 553 549 617
918 346 608 159
285 168 37 122
572 510 90 579
627 905 556 480
518 867 90 99
738 179 596 707
493 521 826 177
732 227 84 806
467 164 557 886
813 804 428 473
448 540 548 122
561 988 396 306
546 234 746 568
110 371 136 848
534 413 285 757
446 41 224 668
511 484 763 362
153 79 945 783
539 311 300 924
357 380 757 888
141 417 867 156
891 757 541 477
883 995 3 743
360 923 801 290
581 59 624 54
661 873 699 664
187 176 953 467
694 993 436 821
886 483 233 916
798 526 911 88
700 383 358 465
19 685 676 41
955 575 206 111
601 527 189 702
580 445 113 878
88 506 170 10
735 641 383 667
604 999 693 864
36 674 396 854
537 235 942 294
915 772 29 676
913 927 787 382
272 858 402 343
197 914 258 414
857 88 492 543
877 419 962 287
788 579 819 543
727 73 511 784
894 638 878 555
149 506 956 213
257 215 193 296
887 596 685 19
182 283 670 667
791 510 962 419
681 702 407 956
163 275 393 805
768 867 633 799
663 93 69 548
729 797 969 686
345 882 640 393
865 809 792 986
870 723 334 913
129 597 225 577
920 903 886 734
906 746 184 348
750 471 518 253
405 274 341 636
435 683 451 638
397 273 999 877
590 713 107 553
110 848 6 256
772 915 302 375
970 912 354 988
85 748 598 894
438 820 220 907
377 605 219 402
829 17 63 717
913 613 140 57
935 991 396 254
845 344 174 985
125 371 791 101
40 257 989 40
911 402 283 849
648 370 378 89
872 80 235 79
254 201 378 461
256 6 527 587
544 730 613 110
270 932 924 23
981 639 39 160
759 16 921 775
609 14 79 687
158 107 710 21
825 153 933 2
339 604 169 235
649 243 617 773
899 227 677 811
57 678 281 419
312 437 650 686
553 824 239 561
536 867 448 122
843 914 512 270
372 465 706 486
855 457 285 334
574 87 351 405
720 839 474 93
405 633 538 19
593 327 351 815
162 841 109 375
150 507 358 633
669 525 899 923
381 285 692 80
812 43 118 603
971 500 541 967
737 147 976 944
758 629 910 432
518 471 637 482
125 27 575 774
971 842 976 126
402 858 617 306
556 785 537 109
186 943 743 187
878 443 394 819
339 49 188 676
902 26 881 146
451 667 764 662
602 212 116 567
401 564 562 67
871 228 898 598
329 636 504 622
574 844 330 468
295 646 178 914
813 230 637 804
814 897 35 539
525 80 150 633
459 69 837 338
983 10 50 52
712 341 704 342
936 211 27 851
353 661 132 43
187 301 414 567
835 223 244 604
706 650 573 250
720 93 686 382
255 554 719 522
861 84 240 974
505 755 966 398
632 284 19 538
282 532 503 203
267 265 963 894
501 598 721 124
518 335 157 489
497 152 510 548
628 757 922 176
574 914 124 721
201 254 799 693
715 6 848 32
72 780 110 733
782 671 503 830
306 617 549 283
923 31 506 149
330 300 961 870
169 596 179 703
541 170 855 233
351 116 587 527
916 392 751 715
835 629 522 851
900 538 826 460
315 365 258 425
318 96 231 873
17 586 456 63
54 788 652 581
374 635 95 205
271 134 985 211
759 670 394 280
757 765 557 186
400 687 331 646
239 872 513 493
50 839 623 691
581 372 622 662
424 596 943 954
917 699 957 643
28 499 316 408
619 506 476 806
7 418 220 710
577 350 349 829
985 666 533 126
506 643 388 432
264 948 969 78
359 792 664 193
993 547 377 511
278 751 938 210
239 216 516 830
739 860 503 546
169 423 290 146
976 859 23 69
763 955 111 173
714 944 497 548
198 465 713 96
453 104 405 351
382 378 201 833
523 590 907 89
23 547 337 809
320 671 440 516
581 662 638 116
985 914 524 801
854 692 841 162
341 28 909 601
346 918 848 113
715 751 278 257
642 551 23 389
760 654 898 810
835 265 764 922
849 770 233 529
892 267 57 419
457 388 557 165
897 680 848 918
869 474 188 249
414 284 879 572
580 585 516 445
310 674 590 575
638 52 859 116
473 409 671 831
60 659 864 799
637 423 347 490
585 648 472 608
74 623 586 17
89 585 807 648
713 419 324 388
776 50 521 24
408 153 31 716
11 961 288 225
786 474 829 349
610 877 323 687
6 52 126 481
796 680 79 581
52 292 406 552
3 392 954 743
377 402 384 497
710 134 27 125
274 581 403 306
215 715 667 175
839 391 493 974
275 841 905 627
8 538 792 893
246 406 95 364
702 527 737 262
983 909 426 985
483 486 641 950
842 952 442 1
800 280 890 577
850 541 125 217
526 607 201 720
989 55 406 84
258 703 364 95
939 643 629 358
819 579 970 813
78 96 318 264
364 987 632 588
14 837 476 193
727 784 636 744
299 978 408 716
633 128 734 246
331 650 867 423
850 217 406 642
409 473 343 364
402 819 813 414
744 776 615 686
325 933 26 845
909 465 74 77
921 117 323 58
843 285 381 45
467 953 813 673
78 604 748 96
942 38 837 294
522 603 79 875
810 898 228 983
74 439 82 634
860 53 250 625
791 436 362 710
429 976 730 838
872 561 692 356
69 791 794 1
126 6 775 529
128 991 477 474
932 127 135 25
697 958 614 9
516 276 333 830
556 531 395 696
893 411 118 798
36 800 474 428
788 54 811 909
728 572 356 692
774 622 700 414
403 581 343 436
552 406 157 887
85 857 543 179
79 54 901 162
516 177 88 445
613 548 81 1
221 962 510 572
245 738 147 321
38 781 154 834
396 13 680 254
35 639 164 536
82 68 839 854
32 50 606 510
507 334 554 880
443 325 187 567
550 523 865 668
262 882 196 702
305 610 464 636
772 209 896 411
414 435 107 713
199 53 684 818
114 729 661 450
900 690 919 220
888 190 888 535
209 835 214 156
510 188 183 296
561 239 493 177
738 909 515 179
285 328 653 266
393 745 957 826
911 617 243 243
312 531 826 865
625 250 274 315
704 302 187 555
184 746 23 924
776 744 341 712
938 602 278 210
810 572 884 946
61 36 272 139
291 534 256 55
599 396 516 795
280 800 873 862
212 231 20 950
312 649 405 82
594 320 191 176
596 424 959 214
340 865 618 800
949 642 882 345
696 395 254 680
425 160 321 315
252 493 434 792
483 208 561 182
567 212 791 700
814 923 413 50
155 351 87 172
710 988 672 982
602 567 345 831
109 732 806 476
860 625 650 114
209 18 237 393
85 894 618 416
430 529 233 198
119 519 375 467
20 205 109 841
31 923 814 7
877 699 690 329
36 61 604 800
267 892 846 151
519 999 102 434
170 43 648 198
718 394 844 567
482 833 201 518
459 334 368 679
217 125 252 7
186 572 728 943
414 493 252 145
543 819 402 224
599 859 352 422
727 893 552 887
204 347 765 657
239 824 104 872
316 998 869 407
294 837 275 876
10 983 74 634
745 41 402 902
770 682 625 677
147 269 315 321
376 486 415 43
858 236 982 24
206 457 855 422
262 78 485 138
378 624 653 461
599 795 964 394
414 572 815 340
383 370 852 668
583 913 57 892
915 467 774 575
497 787 15 388
571 67 973 927
349 73 727 715
132 579 201 192
376 697 406 486
78 244 890 815
515 737 144 982
602 284 632 406
42 231 551 444
114 646 295 298
216 392 965 776
958 704 80 614
927 248 340 787
55 603 234 255
26 510 450 881
58 691 917 199
423 643 506 181
256 118 411 45
104 205 20 872
457 206 635 217
222 331 423 181
744 169 715 727
203 378 28 654
996 332 923 899
976 69 38 730
36 78 815 236
631 842 591 748
720 246 278 526
797 450 258 341
963 792 245 548
588 776 899 860
164 402 891 65
225 288 826 543
359 615 359 778
848 726 50 367
32 477 722 182
298 227 114 298
489 474 360 979
694 145 535 225
896 209 323 752
867 518 88 583
822 836 271 679
500 560 883 664
154 242 477 163
632 326 914 406
622 621 839 370
839 50 776 143
10 961 11 410
610 305 331 563
573 258 95 641
825 897 915 98
801 923 537 325
55 256 45 316
258 726 244 641
522 813 343 603
391 181 45 564
405 636 637 989
507 596 641 358
839 697 738 245
330 460 517 255
969 748 524 596
422 309 279 821
649 332 336 882
94 491 945 641
490 701 574 637
289 167 694 225
581 467 465 372
698 983 684 143
658 228 307 593
516 784 511 243
932 850 413 377
186 14 103 757
481 644 837 205
951 10 170 718
150 914 197 507
316 602 707 709
629 790 720 978
480 775 862 146
828 726 213 121
786 417 74 539
435 290 95 683
945 920 734 962
192 593 986 792
984 246 380 695
69 23 496 828
171 419 713 984
285 413 489 157
165 574 818 684
85 714 689 769
641 95 406 383
244 350 577 890
989 529 930 98
50 32 113 394
970 608 172 813
294 603 574 468
252 131 111 158
698 143 776 157
316 392 3 408
964 889 333 165
773 661 12 31
757 4 867 520
758 903 1 81
193 891 903 920
607 719 671 652
331 702 189 915
214 782 945 962
708 609 687 180
842 709 769 859
162 460 681 445
423 957 395 347
331 915 377 363
714 726 618 343
802 963 334 813
295 539 513 671
508 882 336 126
924 300 949 587
884 572 243 242
420 119 973 887
778 401 145 252
133 746 259 873
52 119 668 175
138 217 635 374
795 243 649 800
839 465 467 156
906 681 105 775
248 15 787 389
792 942 807 190
555 710 229 967
385 126 769 689
183 47 217 296
453 446 801 104
351 769 854 499
215 103 14 193
214 936 227 755
155 172 424 538
901 548 613 681
995 883 560 548
903 891 683 491
642 878 745 241
330 863 212 801
920 945 782 193
143 325 345 567
626 956 837 689
177 435 172 88
886 525 669 89
899 960 377 954
454 140 55 649
351 974 943 505
774 782 821 879
174 82 764 868
837 69 735 982
833 445 681 914
780 55 992 607
410 612 515 336
820 21 710 220
710 606 230 47
801 726 331 501
693 972 121 633
231 957 983 20
822 184 924 607
958 828 795 800
837 619 671 275
744 636 736 813
241 5 383 445
340 114 554 865
74 191 967 523
258 193 824 825
55 486 258 365
667 670 6 175
978 176 957 11
51 888 515 909
389 489 63 248
40 965 392 727
642 241 289 882
6 650 789 445
964 781 38 889
439 714 170 915
761 626 146 839
25 913 382 833
213 392 197 149
320 240 503 671
829 717 38 853
403 985 426 306
817 996 532 282
894 560 500 921
384 327 303 280
719 554 334 212
328 815 81 451
175 734 543 492
538 700 70 283
826 531 697 9
748 377 328 451
837 252 599 712
553 25 394 596
726 258 374 50
977 670 225 511
860 124 434 102
358 561 208 358
604 864 851 949
312 601 454 649
667 444 996 817
531 556 706 658
878 638 915 599
665 744 492 409
358 383 416 541
193 782 383 385
19 575 590 887
587 330 844 539
585 714 85 770
505 814 50 204
912 832 37 826
212 104 972 876
801 886 126 147
641 689 343 258
821 450 797 875
252 837 956 7
860 697 213 726
857 917 122 790
256 720 480 556
87 932 270 25
467 287 706 396
254 643 760 799
283 549 661 472
447 23 556 645
826 569 248 371
55 140 854 46
974 493 149 819
951 638 662 586
24 172 684 491
662 622 724 586
165 741 703 199
239 308 269 418
276 107 435 177
981 380 563 988
202 341 258 343
813 334 723 366
81 548 775 679
723 497 388 714
831 671 79 583
785 67 361 773
281 174 131 252
14 601 583 79
380 376 43 145
406 955 763 84
28 271 211 654
757 438 386 894
909 2 445 295
396 706 203 654
815 890 280 91
878 819 149 580
537 294 876 873
104 824 568 519
556 344 757 706
132 192 388 257
165 526 278 574
405 97 423 62
198 708 180 430
232 79 850 932
692 8 782 774
971 734 172 87
143 567 116 351
115 687 178 235
24 247 789 858
507 912 110 256
737 579 264 262
661 839 910 662
386 517 460 162
837 470 78 840
416 786 34 541
386 438 8 527
917 108 119 699
355 530 380 357
950 877 780 215
290 596 217 37
393 273 397 66
692 464 610 728
776 785 923 332
54 985 403 436
178 422 352 346
644 481 126 911
821 773 448 867
213 285 843 188
222 675 971 324
710 334 676 606
824 946 795 897
848 800 577 829
401 756 391 564
7 814 505 798
727 287 673 342
423 369 11 957
116 765 757 510
461 653 756 730
40 971 912 699
27 134 541 34
350 52 50 430
636 341 108 563
467 1 364 637
855 895 43 422
863 330 260 933
18 282 658 248
43 983 285 648
523 89 89 865
23 607 526 165
958 65 282 203
379 599 575 320
585 403 716 31
671 20 841 692
499 28 714 100
629 54 662 910
276 652 788 905
287 392 632 987
724 622 772 411
703 848 55 46
66 476 492 393
34 786 539 358
952 900 702 699
188 439 285 983
266 204 50 579
810 613 730 756
548 901 345 775
290 757 894 346
896 752 850 79
438 553 630 820
203 169 604 61
405 682 770 245
163 181 841 275
716 444 551 542
129 793 392 74
935 900 753 288
351 37 168 485
671 84 924 587
307 228 775 722
334 710 895 855
28 972 444 925
843 366 723 623
892 419 202 167
861 608 241 745
393 826 521 272
116 822 607 706
539 227 279 309
735 641 602 831
254 461 730 544
377 306 283 705
555 364 102 999
548 384 280 646
41 427 249 402
258 69 364 343
506 432 469 897
845 985 801 832
324 61 491 94
682 714 439 625
746 520 57 568
724 411 134 271
899 90 124 860
96 424 172 734
280 62 423 169
41 352 428 427
135 894 276 728
99 742 967 260
878 953 344 23
216 793 519 392
269 887 973 227
60 81 815 659
312 686 93 531
326 632 538 278
870 295 914 681
615 867 583 892
6 458 759 775
664 772 571 444
705 493 441 568
166 454 601 702
185 972 477 541
573 315 433 699
428 279 152 349
493 705 739 340
530 285 439 697
122 676 334 285
790 671 394 720
596 958 611 849
612 728 707 841
639 981 988 18
805 13 473 163
568 441 65 138
382 787 624 378
755 391 961 568
897 381 79 680
483 886 988 208
858 581 303 515
188 220 919 213
217 138 485 168
659 385 383 864
812 964 982 236
601 408 809 713
539 35 536 587
181 506 897 795
561 804 801 147
148 376 744 813
734 886 89 435
958 68 82 68
982 564 858 515
60 467 281 744
300 209 393 640
477 663 327 630
604 167 473 831
416 618 834 865
551 8 873 259
458 733 346 347
384 966 755 327
376 90 510 791
136 276 518 99
714 682 405 62
636 868 16 759
574 430 384 169
43 302 915 19
862 775 105 828
794 985 232 520
405 340 510 399
866 468 875 376
991 175 6 445
525 942 235 80
359 363 401 778
155 538 869 249
451 637 636 563
96 713 247 24
428 349 272 36
195 845 341 447
876 633 318 873
981 573 641 735
835 209 655 680
91 607 992 829
242 837 982 265
551 259 979 288
386 286 39 517
120 945 491 363
266 579 90 285
786 279 428 474
392 213 938 751
316 407 306 526
775 529 430 783
403 178 299 716
914 985 174 512
410 436 467 396
624 252 108 653
587 99 152 330
213 236 815 91
78 262 610 840
950 358 518 40
342 274 306 727
571 927 295 444
82 405 49 339
506 619 837 38
366 624 307 472
667 792 990 597
837 242 2 338
721 231 949 135
311 443 111 512
398 408 545 505
146 546 474 839
535 909 738 12
418 990 907 220
439 515 888 535
970 249 159 608
31 900 51 537
650 706 943 114
384 918 69 497
63 88 878 438
497 69 369 115
870 913 731 634
544 110 648 585
512 111 744 665
865 834 770 319
914 574 405 406
775 30 709 707
204 657 389 944
358 935 842 577
187 432 245 176
728 612 1 592
661 964 801 522
263 772 536 122
837 271 836 128
846 324 59 388
943 310 95 450
674 525 224 309
248 361 176 191
780 125 243 786
227 973 260 885
394 718 728 596
57 571 254 892
864 301 187 851
289 538 108 167
926 567 700 538
229 241 933 45
190 888 51 389
569 217 126 533
274 250 369 341
965 693 999 273
407 814 561 306
669 201 602 585
95 859 893 519
786 243 243 795
178 110 780 607
780 877 329 667
288 431 220 551
94 885 260 324
185 716 722 341
608 199 539 21
121 633 121 571
829 71 74 17
196 166 835 603
592 1 927 242
169 203 418 286
586 28 378 951
873 800 848 339
926 770 929 101
7 80 704 873
518 276 506 88
795 596 982 964
538 603 942 792
763 747 521 578
129 577 842 1
434 117 921 500
968 363 491 61
354 448 579 788
232 94 282 18
276 894 555 999
436 993 511 362
497 115 8 377
295 445 383 539
277 935 571 121
756 591 103 855
288 254 158 826
26 933 983 228
90 375 109 124
393 258 965 273
828 958 203 726
953 468 757 344
636 60 150 676
899 954 114 227
124 109 205 434
761 839 720 196
841 916 233 855
403 316 667 178
176 994 443 244
246 720 633 121
197 413 923 149
607 716 542 706
833 378 279 748
530 355 294 167
146 789 651 546
765 541 850 657
458 753 751 511
932 377 547 23
126 217 596 849
596 571 198 96
209 300 330 255
384 548 587 966
833 36 177 445
6 983 957 699
985 134 79 232
265 89 418 242
755 505 467 483
901 681 906 348
277 158 935 705
795 828 121 786
930 667 670 667
80 815 328 942
345 325 89 907
893 792 190 807
393 111 729 228
393 309 422 805
10 913 583 88
796 443 848 680
345 460 995 949
99 260 330 152
755 859 769 351
54 624 366 811
415 956 626 761
873 231 721 537
209 158 824 323
14 186 81 837
961 298 295 870
43 332 296 217
793 177 862 873
54 629 643 254
76 244 874 768
849 991 705 650
371 110 912 826
775 388 457 281
116 859 95 346
151 958 839 245
716 969 596 195
180 687 94 153
924 492 246 332
62 280 170 714
351 527 215 524
476 837 919 492
770 402 911 245
212 863 238 231
235 139 750 988
383 782 830 500
758 902 858 564
359 615 231 935
581 116 346 467
759 564 467 32
972 158 277 121
614 781 964 9
370 839 156 867
757 103 399 510
141 448 829 992
744 813 596 169
450 809 337 943
8 213 919 630
4 819 548 646
650 6 670 849
182 667 715 32
967 699 763 173
956 982 763 578
763 982 314 794
532 950 81 668
209 772 486 158
116 323 760 964
604 702 603 835
410 396 654 211
926 57 622 448
724 802 813 85
747 763 794 261
714 237 57 328
663 522 856 176
283 839 143 684
996 316 188 49
738 707 728 12
100 714 212 567
756 923 670 175
601 72 671 916
801 446 837 726
623 664 681 691
316 526 930 529
336 113 149 410
42 132 216 139
822 321 402 588
859 636 966 757
318 633 242 264
922 327 663 176
107 158 111 90
950 410 11 483
340 815 116 510
284 414 19 284
898 654 894 598
221 197 392 916
53 567 115 369
142 486 483 92
400 662 54 596
319 469 501 669
935 58 459 789
663 508 126 529
866 995 111 443
958 596 290 435
145 873 893 851
103 227 522 855
943 337 694 751
814 588 402 561
380 54 607 23
280 719 579 335
911 243 125 101
568 961 471 750
693 633 720 201
343 813 374 258
126 336 734 6
230 813 217 47
306 426 543 727
719 212 602 641
727 608 861 974
174 561 634 82
39 437 665 409
579 599 252 125
316 499 455 116
663 7 620 169
755 115 235 391
575 599 422 893
952 842 935 380
670 481 178 667
859 384 430 636
988 364 689 900
683 95 234 603
222 564 145 542
750 637 364 988
