1
2500 50 50
17 40 188 124
124 29 94 121
3 129 91 14
194 3 162 105
150 122 98 25
107 53 148 56
38 52 3 138
48 17 174 180
134 62 173 148
128 120 127 33
91 121 200 186
187 69 37 169
50 109 119 64
156 20 51 98
125 65 116 16
106 31 169 26
122 146 16 105
52 38 87 4
87 150 105 4
8 92 110 151
82 20 68 166
86 3 60 37
36 6 14 118
118 189 56 100
135 13 147 152
174 109 13 58
181 188 30 148
187 165 164 56
34 21 42 84
170 110 84 68
114 22 72 74
33 58 6 188
169 175 46 36
3 73 157 13
13 166 134 166
133 6 180 122
11 130 30 150
142 125 157 127
20 177 173 134
193 129 99 102
75 114 162 70
16 187 172 125
150 197 151 133
102 10 21 72
137 192 137 110
126 61 173 143
160 5 69 34
152 158 69 164
183 42 200 167
197 91 134 63
182 156 142 29
105 27 166 176
27 4 81 11
153 140 29 185
64 130 187 94
125 53 14 14
124 81 155 97
171 178 108 63
12 180 65 131
114 199 86 127
180 140 98 45
12 139 94 75
137 93 162 3
135 51 53 130
179 51 112 178
169 35 39 171
113 73 65 157
79 105 30 18
96 58 93 176
111 178 25 158
21 127 157 27
69 149 135 91
144 70 105 67
100 14 189 200
171 63 128 177
183 105 3 11
142 171 146 194
96 184 120 128
90 97 51 47
199 41 30 12
185 8 88 159
48 180 101 167
172 187 43 53
75 79 93 144
93 21 75 13
129 144 102 142
129 135 195 15
11 103 33 188
136 54 40 172
168 72 24 12
29 127 68 25
95 9 45 5
132 62 158 36
105 109 108 117
54 70 58 99
130 103 58 94
196 75 143 177
95 15 191 78
171 77 59 28
120 4 125 14
58 86 195 94
114 149 170 6
59 160 16 157
112 88 171 36
34 157 3 184
178 135 9 157
163 151 194 41
119 171 88 78
124 132 132 67
108 152 127 54
149 151 45 34
70 44 188 49
63 10 128 7
198 65 94 43
139 90 51 90
34 53 33 127
151 83 132 133
165 192 95 131
171 2 194 159
87 141 86 152
19 117 59 91
2 43 58 169
15 80 36 133
70 110 33 177
70 63 33 44
171 167 158 136
74 90 129 114
164 173 128 188
17 128 46 158
109 50 103 193
95 193 89 87
188 73 134 4
56 66 136 71
72 181 94 29
133 193 196 143
58 171 148 108
96 195 194 156
41 143 109 57
113 57 129 27
184 15 75 81
88 106 45 3
2 123 110 97
17 135 29 174
110 123 54 137
49 126 148 130
100 36 52 188
124 177 68 96
15 75 131 119
64 27 4 144
200 149 74 54
5 50 109 180
54 147 123 108
29 3 188 71
22 89 198 47
144 140 21 158
90 51 31 22
179 185 19 43
91 196 172 50
9 130 68 2
102 10 45 43
35 176 190 101
139 175 16 116
156 164 132 45
172 53 125 35
198 132 18 143
142 104 14 164
8 106 31 31
173 46 76 182
115 149 118 78
36 196 53 33
157 9 167 171
38 152 88 87
30 38 154 45
35 146 164 90
128 116 121 177
121 43 1 88
151 133 195 62
90 51 137 82
85 158 134 147
176 147 19 170
49 17 60 47
54 127 84 115
121 56 145 7
151 53 90 86
65 157 73 153
173 177 178 30
179 30 71 104
126 156 182 148
142 183 10 3
185 155 122 33
19 89 193 3
165 65 24 72
109 87 17 78
175 118 18 65
179 43 128 97
48 145 117 141
64 141 100 53
80 190 78 10
105 16 134 134
199 114 169 181
161 61 163 99
14 60 95 26
183 136 148 156
102 140 81 83
142 37 97 100
90 151 56 184
146 161 131 187
183 94 195 182
158 79 15 198
48 128 116 179
103 145 163 18
7 128 188 143
31 42 167 133
109 125 85 143
33 155 137 160
37 50 5 133
109 112 55 87
135 165 9 51
64 175 15 148
90 134 194 151
172 40 198 61
188 48 191 172
114 180 102 149
36 33 125 122
19 35 92 189
116 138 166 130
62 155 118 139
174 79 134 34
71 186 86 12
79 169 195 93
148 1 15 177
88 1 83 98
11 3 88 64
38 146 42 43
34 149 117 21
28 167 76 167
30 179 148 4
187 83 38 152
62 61 11 151
3 193 127 142
56 5 28 109
177 112 173 166
42 146 113 48
168 135 138 61
78 190 130 171
130 158 192 163
146 186 190 144
193 133 142 115
30 72 21 173
117 195 61 62
27 35 151 83
148 53 50 193
136 65 14 171
6 22 16 114
115 157 59 133
106 9 98 173
146 155 62 132
33 131 64 197
199 151 106 147
124 33 98 156
174 87 23 164
175 9 187 16
66 158 191 148
10 102 193 77
109 106 10 9
32 97 90 184
147 12 83 123
99 81 58 98
89 15 184 3
149 41 119 116
3 116 82 137
146 174 52 113
149 82 160 103
48 91 21 27
43 188 20 100
162 45 163 137
3 105 32 89
5 14 104 107
47 11 58 89
123 122 112 173
91 186 189 111
36 30 41 181
45 31 51 66
76 133 8 30
78 41 149 115
4 136 193 69
47 158 24 10
108 113 11 58
137 51 172 93
82 126 128 191
188 6 49 74
176 166 146 76
149 147 55 13
190 186 71 87
194 107 184 24
75 101 161 2
49 6 97 32
179 92 129 173
123 198 114 55
188 51 132 198
144 54 121 146
200 54 30 22
51 104 197 130
86 90 131 172
143 25 100 33
65 110 58 183
188 177 2 75
59 43 3 139
178 91 155 33
129 98 67 171
196 58 32 75
67 1 7 144
3 29 15 1
11 129 32 105
171 167 198 28
35 120 145 27
174 29 23 27
107 91 127 181
149 34 88 83
168 3 196 182
12 23 171 33
127 54 74 32
35 30 89 19
186 172 191 11
81 15 36 109
54 139 61 123
153 144 49 174
155 94 108 42
123 27 119 96
136 151 13 49
13 63 2 105
61 195 155 39
8 163 54 134
185 129 171 142
161 176 163 9
57 56 97 133
98 138 82 194
192 93 188 95
156 194 82 20
59 76 95 15
170 36 35 117
157 111 72 172
103 130 186 152
179 196 164 136
17 36 135 116
102 192 167 73
200 118 40 149
140 10 36 199
149 153 40 170
193 56 98 121
151 171 186 53
44 193 73 96
89 175 122 91
50 185 75 60
152 198 21 22
92 142 139 175
35 157 172 127
86 138 115 28
147 60 166 173
42 183 90 139
16 194 31 138
85 119 110 69
126 62 165 39
36 86 105 70
13 58 149 122
139 123 103 65
67 109 3 14
29 71 138 4
19 59 75 54
3 140 36 129
184 194 188 38
57 170 80 155
114 142 17 24
138 181 148 112
4 147 3 31
95 38 12 15
98 55 160 174
65 199 97 121
193 103 186 199
179 56 121 54
20 76 114 198
26 118 180 106
27 158 77 36
110 168 110 151
113 157 200 148
35 169 76 186
28 99 200 199
3 171 56 151
53 107 130 38
99 126 197 67
111 186 177 156
12 166 6 51
19 101 7 96
89 158 93 4
175 127 56 45
96 2 68 30
16 166 194 179
165 161 87 5
39 9 182 115
81 124 10 11
98 9 99 88
156 85 108 26
1 48 167 112
95 136 6 135
33 95 87 177
107 181 74 72
138 75 95 76
90 188 172 42
27 82 41 191
144 66 124 7
168 122 37 134
85 66 74 165
72 82 18 58
178 133 152 86
124 10 106 154
77 175 139 116
130 93 139 77
153 96 31 140
46 33 199 200
175 64 8 90
157 79 72 54
172 86 187 93
178 163 176 187
139 151 136 200
10 149 93 76
133 200 27 8
11 150 79 48
89 42 3 145
20 95 117 145
172 76 25 86
116 138 33 122
3 146 122 124
95 8 3 127
122 163 8 21
45 178 91 76
38 51 50 53
127 62 139 114
10 149 191 58
10 121 63 115
200 157 190 60
42 2 41 24
6 170 93 191
83 173 139 65
163 65 144 54
35 39 46 120
190 3 58 191
90 22 79 158
179 112 84 92
13 142 67 71
20 172 56 24
159 58 160 192
90 133 151 199
136 54 65 180
132 156 101 74
109 170 90 13
45 44 119 31
180 200 142 102
189 146 2 18
182 196 95 159
142 58 196 185
86 97 110 105
172 62 126 136
92 11 19 2
91 189 106 187
139 124 149 116
124 188 42 23
59 22 196 74
88 68 187 16
103 49 171 58
96 27 83 174
72 92 163 44
106 13 135 81
14 5 160 118
94 91 81 44
146 194 166 75
111 85 73 128
56 109 83 187
102 6 129 129
51 33 136 78
153 140 111 187
170 51 170 19
80 187 161 120
75 160 70 142
40 54 95 40
143 162 104 109
30 157 134 53
170 57 147 66
175 56 127 172
197 104 164 68
124 63 108 149
41 57 76 163
109 114 99 70
27 44 163 81
163 72 44 18
77 152 135 10
3 176 80 29
126 141 98 39
135 178 47 19
87 60 147 85
145 74 88 95
28 200 190 197
96 174 110 137
70 158 21 198
12 168 8 21
8 2 55 92
134 135 135 20
9 9 31 106
10 61 79 53
69 38 43 100
98 180 122 34
11 113 182 59
140 49 54 150
181 186 18 19
176 63 38 178
125 53 136 168
131 58 194 116
161 35 5 141
131 31 9 88
122 72 200 199
115 80 33 171
110 65 18 186
168 195 171 119
41 102 64 104
102 180 36 64
14 63 183 174
195 183 79 59
167 173 178 46
51 138 187 17
112 109 75 138
187 194 16 184
33 197 136 147
172 72 95 175
158 160 142 24
139 159 122 155
28 82 178 116
200 121 144 90
183 11 117 79
131 90 15 49
47 51 171 22
171 39 86 58
197 22 34 99
182 164 48 109
146 91 22 59
15 173 2 96
118 81 1 14
177 143 173 112
194 134 92 104
166 89 45 130
156 98 174 96
140 169 58 7
28 115 149 200
166 19 103 102
116 96 109 179
164 69 124 132
23 59 168 155
25 126 52 19
6 36 70 189
72 185 4 171
194 38 188 1
56 193 22 55
108 165 5 135
163 130 45 147
83 140 77 187
122 134 114 174
167 46 173 164
92 28 48 78
114 191 193 22
111 147 54 115
118 79 120 46
159 186 181 133
166 199 8 160
68 183 73 169
66 31 30 150
188 38 82 48
85 162 57 143
47 192 35 19
139 48 79 61
188 134 37 42
55 20 22 128
17 158 115 92
188 54 136 152
14 59 117 171
84 115 171 35
52 36 15 177
86 34 22 169
50 169 8 185
44 106 170 163
74 110 60 32
149 115 93 143
125 162 49 47
128 47 79 177
167 183 35 12
113 67 13 88
192 137 74 85
18 27 89 91
9 154 6 69
33 119 123 128
31 28 16 13
72 163 156 107
111 64 94 1
22 59 15 105
65 143 67 11
187 89 21 91
35 134 131 39
35 120 14 20
3 103 51 187
130 69 139 38
134 112 167 81
142 128 101 75
188 128 27 105
135 37 13 149
97 6 58 51
145 129 166 144
51 140 65 123
83 1 121 190
57 155 33 135
172 121 29 191
153 37 92 54
135 177 99 146
160 75 2 70
87 135 60 68
51 38 139 93
118 46 27 92
52 30 68 98
177 121 157 129
194 24 56 38
106 8 95 157
19 189 70 144
53 163 74 20
186 196 92 84
65 64 76 93
71 4 12 104
96 184 183 15
113 99 75 67
168 123 133 122
167 102 96 66
98 200 64 58
55 52 177 121
159 182 98 164
176 33 53 134
33 114 20 199
161 170 72 195
65 93 97 95
67 146 179 30
118 2 52 74
83 81 18 98
164 10 184 67
64 56 148 179
21 127 120 9
21 115 158 75
20 114 164 20
45 78 53 102
75 144 10 164
54 92 37 177
114 129 155 198
58 120 41 118
110 21 50 175
192 80 1 94
138 70 12 100
142 177 88 5
7 101 18 82
47 190 172 188
183 65 79 97
71 197 126 178
59 22 16 59
182 114 198 160
122 123 136 11
105 2 171 108
152 112 36 9
146 59 8 168
108 63 8 42
177 164 114 156
72 95 130 82
31 1 188 138
36 163 170 119
180 137 157 110
31 157 171 30
43 129 76 81
177 129 114 68
66 51 90 38
195 164 104 64
74 49 86 139
169 79 193 175
110 100 29 119
168 182 3 190
121 161 49 107
192 143 155 104
87 161 200 190
64 3 162 3
180 65 180 182
75 153 126 143
97 187 169 50
11 67 178 173
30 178 200 133
130 92 28 156
116 26 108 138
108 135 152 94
130 58 45 173
118 26 94 64
118 200 22 59
132 28 58 146
162 48 141 166
53 26 115 142
65 10 115 149
27 89 22 4
104 147 91 50
126 131 65 54
184 67 188 107
12 76 128 74
123 173 61 9
140 180 48 144
134 188 40 50
35 15 45 151
71 35 188 73
187 152 32 194
50 14 174 16
85 125 142 91
93 135 2 129
41 25 18 118
199 158 89 36
90 111 144 48
110 170 175 133
198 77 140 145
181 169 115 29
90 58 11 173
171 28 5 60
109 96 5 97
115 199 114 186
95 128 129 175
139 126 39 168
159 164 150 133
133 69 118 74
74 196 36 162
119 31 106 53
65 53 36 58
28 186 143 28
198 145 151 127
136 138 42 65
8 27 177 87
185 72 200 155
109 30 52 149
156 89 51 197
94 155 63 108
70 105 79 127
6 156 183 184
155 58 23 200
153 25 41 48
47 134 124 135
15 1 148 173
174 114 109 52
192 158 37 159
2 116 128 186
110 47 10 58
191 158 133 27
79 54 25 178
36 140 36 169
187 102 140 174
113 148 196 59
109 23 144 106
95 91 120 192
152 60 3 150
80 200 136 129
150 28 14 99
82 27 144 88
79 178 157 31
58 191 65 183
140 3 141 85
167 76 86 60
66 124 163 145
10 183 182 56
183 63 100 97
67 142 53 34
168 125 47 108
159 86 93 58
99 139 101 197
15 172 87 4
186 87 19 48
56 78 72 168
108 178 91 122
16 103 190 134
102 39 140 194
144 126 19 66
141 23 134 166
1 6 136 24
28 80 126 82
121 137 110 8
24 72 187 174
171 51 58 101
167 17 134 73
106 137 54 125
52 64 158 36
188 198 151 5
118 74 129 90
159 162 36 122
70 146 3 188
2 118 96 63
31 161 2 124
61 19 11 1
14 30 36 140
171 28 132 30
85 183 14 50
176 48 162 133
185 179 169 153
127 14 91 15
3 194 184 130
156 94 171 101
106 136 189 123
97 176 3 92
145 69 123 83
32 165 60 156
78 88 75 109
96 192 75 25
80 50 142 92
121 101 44 54
172 95 135 87
28 181 63 132
32 4 185 33
66 19 179 61
191 29 56 189
13 133 183 109
8 37 60 198
18 30 52 98
60 165 89 187
130 82 50 187
85 22 31 119
72 80 28 95
136 165 62 24
182 176 121 56
18 81 127 79
170 106 161 76
58 43 94 194
14 1 88 104
88 99 173 109
15 183 3 1
21 19 5 54
141 121 10 80
71 178 67 184
25 62 132 77
29 37 44 181
167 192 64 133
167 31 121 102
13 62 148 28
52 184 10 106
183 167 6 154
178 183 85 35
157 200 80 36
48 38 53 186
109 144 15 119
20 74 106 103
6 124 59 120
166 142 152 147
88 109 70 1
157 35 61 57
74 163 108 148
192 43 45 74
78 92 55 92
140 144 106 44
196 98 182 143
43 94 178 93
16 3 124 25
175 108 68 164
75 70 109 117
28 132 167 32
132 178 172 191
132 146 171 67
75 2 135 36
184 86 183 133
198 97 159 123
98 96 7 17
133 5 74 113
159 89 27 123
150 30 132 72
76 150 164 139
149 40 54 40
44 142 151 110
125 109 105 157
107 48 111 130
85 70 154 140
9 165 108 45
40 97 110 40
143 50 150 167
181 19 54 188
15 134 35 186
38 138 143 146
137 197 42 69
180 195 70 49
84 186 127 192
138 105 187 16
165 79 75 114
12 74 92 187
96 160 4 131
132 135 36 89
14 6 125 87
68 130 83 98
139 174 19 95
99 129 49 161
100 119 78 17
195 196 63 70
127 86 76 167
18 66 147 58
135 51 29 135
106 144 94 161
176 116 29 50
58 28 28 148
68 146 67 34
192 74 9 129
19 60 27 125
199 12 147 111
171 117 169 167
9 130 33 106
127 121 65 191
188 33 180 174
59 22 193 44
135 124 6 167
4 96 195 86
177 160 6 72
15 195 167 64
165 75 69 39
142 100 141 71
128 173 182 9
71 133 119 193
48 177 20 167
116 156 45 17
174 41 107 153
35 127 175 50
50 80 10 63
63 168 29 8
40 127 151 14
129 180 182 33
174 183 170 171
116 3 64 131
156 184 144 121
37 146 168 118
185 89 193 136
14 149 143 66
65 38 83 64
175 51 93 133
88 129 75 98
78 98 187 72
146 99 67 95
28 31 180 167
47 188 124 67
96 35 20 184
59 196 33 103
43 2 158 198
58 56 57 32
166 138 175 90
139 164 14 179
129 53 68 91
123 65 93 198
90 5 72 95
1 11 89 27
59 182 109 28
44 23 42 54
156 148 135 130
16 61 35 50
72 106 53 193
146 58 106 87
170 22 105 6
160 55 114 172
190 54 79 130
119 64 65 44
155 39 18 118
98 122 184 194
2 63 90 199
158 27 47 111
35 171 23 5
199 95 60 86
163 61 139 29
129 198 136 180
153 119 41 13
154 9 74 141
66 132 132 124
34 132 132 88
189 22 1 81
39 170 138 18
58 36 138 162
12 68 156 197
110 157 121 54
10 135 5 21
55 189 149 92
121 129 33 43
113 65 9 60
78 142 91 64
39 58 148 97
45 162 110 78
130 111 106 69
16 172 146 84
169 22 182 160
45 85 111 189
122 19 126 105
89 67 14 93
37 158 31 133
17 7 132 128
112 85 74 84
20 105 40 95
11 10 162 137
66 86 22 7
177 85 126 99
168 108 177 135
55 112 148 78
110 110 133 156
24 31 38 19
76 164 102 72
18 44 110 80
125 6 189 92
87 88 139 150
85 45 108 94
15 175 138 178
34 32 191 166
60 129 185 166
71 178 73 183
70 118 18 142
29 33 51 37
47 198 45 120
2 151 3 92
16 128 174 131
133 162 94 69
134 47 81 166
58 93 138 98
42 152 186 84
46 200 123 19
20 153 140 51
45 172 43 40
72 133 97 5
10 94 162 166
106 49 103 152
4 39 29 72
114 155 108 161
20 154 176 76
101 191 79 136
85 147 63 20
190 69 16 110
75 189 18 102
22 71 184 52
156 98 84 84
186 200 184 122
178 49 130 184
12 64 123 71
40 105 51 78
72 5 198 195
37 5 123 3
80 192 81 149
52 2 199 147
56 55 199 66
175 65 183 97
161 165 187 77
86 16 118 14
60 112 152 200
161 195 25 176
80 30 105 1
46 178 71 76
197 75 95 172
2 170 151 87
69 151 170 1
102 129 15 139
11 105 183 195
61 1 137 163
186 28 47 110
171 21 55 30
81 192 169 109
59 157 17 77
32 195 135 86
67 31 14 47
156 26 95 193
182 160 67 179
81 171 170 97
68 87 125 183
139 200 157 90
34 123 109 186
93 58 29 56
150 99 186 122
132 98 31 67
12 86 159 37
99 2 146 75
8 110 147 104
166 59 124 134
193 50 43 175
58 193 191 58
135 152 164 156
111 138 32 184
95 67 162 146
10 119 149 56
18 101 197 66
31 119 188 54
35 71 136 117
6 80 170 45
64 14 110 55
184 107 94 64
183 142 130 94
35 17 72 164
176 62 73 80
88 106 74 148
126 73 55 128
95 20 188 4
15 191 185 191
61 162 113 60
167 73 58 183
192 95 33 95
176 50 82 68
58 118 187 89
91 164 23 155
25 124 2 186
137 164 195 96
116 175 164 96
83 130 72 102
59 59 19 76
54 188 52 126
25 41 155 100
145 120 79 7
188 39 48 41
68 17 9 152
61 58 124 66
28 199 20 179
153 64 91 142
68 60 74 137
198 93 18 20
59 55 73 113
59 44 103 160
89 187 54 91
88 71 188 159
38 138 88 152
116 162 126 139
17 124 86 37
56 71 73 193
4 95 61 12
186 109 171 141
51 89 167 12
92 147 69 163
105 134 95 58
67 34 149 11
67 82 78 136
180 147 173 134
160 96 163 192
74 45 55 141
153 135 97 170
5 165 135 134
155 143 65 39
179 194 124 139
146 38 122 174
39 69 110 99
144 27 133 181
166 27 129 6
179 109 194 146
164 177 200 195
72 8 188 165
179 88 170 19
69 193 5 19
104 5 96 164
74 33 4 179
59 74 105 52
57 47 130 197
155 129 157 137
160 101 58 28
29 124 11 139
6 127 66 96
10 19 52 36
14 151 59 14
3 89 106 88
2 10 93 192
28 32 166 160
130 188 174 127
14 26 108 60
147 32 152 58
45 148 136 178
69 113 115 84
17 143 16 199
196 64 153 73
151 128 10 78
120 59 23 47
188 152 150 100
149 103 97 135
134 91 59 95
80 159 20 38
197 169 171 49
187 106 70 54
112 91 158 70
34 127 191 149
177 65 162 65
31 195 133 16
94 96 73 188
188 112 60 94
64 3 52 4
27 44 75 95
130 162 189 98
121 33 182 124
3 42 149 31
149 83 151 11
177 19 21 8
37 150 139 44
142 196 193 152
170 142 13 122
194 146 189 124
45 15 89 185
95 97 198 130
175 149 10 78
129 55 80 113
57 65 140 32
100 12 21 110
199 167 60 14
6 6 147 127
170 41 32 1
69 103 160 118
94 4 22 171
75 166 82 67
63 67 47 25
103 69 84 138
133 90 130 159
163 142 99 151
87 144 181 19
19 69 147 44
113 102 164 182
101 121 177 124
56 149 34 148
187 64 1 54
52 106 194 1
98 189 55 2
127 21 89 65
117 57 109 195
156 132 89 4
176 134 86 50
119 143 167 81
118 16 25 66
127 20 158 66
4 71 9 175
142 191 162 88
93 48 16 144
103 50 172 190
8 151 142 133
196 105 129 92
39 35 8 29
195 121 117 62
196 22 30 53
68 88 179 156
89 30 8 87
171 127 15 147
138 51 88 42
60 187 66 199
200 72 79 155
52 147 42 3
13 4 196 179
8 133 143 2
41 65 155 181
85 69 75 197
10 53 106 180
196 163 34 34
109 68 21 83
49 130 163 136
132 74 179 135
86 131 138 3
161 116 109 56
75 169 84 42
94 65 98 75
34 194 94 75
31 16 174 171
113 81 109 119
89 145 115 45
48 107 56 109
17 92 130 77
184 38 63 120
148 200 152 198
50 63 71 17
37 17 158 69
24 102 52 1
193 53 53 77
32 156 114 33
6 45 110 14
4 175 139 142
101 136 106 58
84 63 129 156
194 132 7 58
162 159 173 129
99 35 189 97
74 181 95 90
192 164 67 143
15 21 149 105
59 77 139 69
159 139 16 81
132 132 67 45
49 98 34 186
165 64 53 65
46 27 32 33
9 3 43 187
145 116 179 66
54 127 86 150
179 97 69 169
136 100 110 185
72 38 99 9
140 72 39 98
94 108 122 118
151 59 23 87
45 80 49 178
61 198 119 157
142 170 178 111
42 80 73 167
153 80 45 40
121 176 93 146
106 72 17 101
66 9 185 191
10 2 42 94
160 90 104 142
116 128 95 28
166 196 149 8
31 167 139 134
102 139 12 197
157 102 141 130
172 95 183 86
121 1 70 162
3 157 54 5
25 75 131 126
84 169 186 181
97 35 183 175
36 180 21 112
160 177 98 33
76 147 115 182
132 50 16 133
102 107 169 75
115 188 69 100
62 114 181 9
170 30 174 49
75 44 147 144
87 152 193 58
138 186 140 114
124 189 75 42
106 84 98 177
155 160 103 26
132 51 97 119
115 158 152 193
111 140 186 9
197 150 76 169
100 155 114 38
181 72 130 9
106 154 63 13
59 151 145 170
17 159 74 145
187 158 78 110
124 58 44 35
9 140 83 21
93 4 33 188
10 164 137 121
88 132 124 194
107 104 131 137
150 86 14 87
34 188 172 196
46 182 22 197
46 142 200 72
146 116 2 161
139 168 63 124
53 167 169 56
34 127 21 68
90 9 47 35
80 72 111 65
34 109 62 25
90 170 23 12
66 177 97 86
43 37 169 121
51 22 23 29
85 50 64 177
14 196 134 134
102 187 98 90
178 187 111 48
14 26 53 189
107 27 157 105
39 134 90 160
115 147 167 150
171 64 88 148
56 47 128 182
25 143 186 18
100 63 146 141
171 58 110 45
73 193 115 169
171 172 85 141
4 93 97 155
105 166 8 64
10 95 59 14
198 108 171 144
135 69 1 9
88 70 138 71
30 44 66 38
93 142 115 145
127 171 166 120
144 107 2 128
105 20 164 149
186 6 1 196
124 179 101 17
7 79 14 77
167 172 118 64
9 86 136 123
179 146 116 194
124 182 180 11
200 149 58 130
182 46 68 114
6 119 59 2
26 116 42 130
61 116 142 166
198 167 32 30
84 84 45 71
15 69 19 177
153 144 154 80
140 9 170 145
101 140 111 58
167 89 184 73
178 56 172 45
17 49 149 143
107 89 74 139
4 13 151 30
21 180 105 149
186 91 178 35
17 23 151 139
77 167 96 102
149 115 62 122
181 114 48 94
42 8 35 27
54 146 187 59
11 55 110 58
155 81 4 94
73 4 120 12
124 122 136 86
56 29 100 141
199 65 163 122
117 149 10 24
27 46 39 4
65 153 142 127
87 106 123 51
113 160 155 19
24 96 43 192
49 129 67 97
40 64 4 105
56 175 129 75
142 134 23 17
156 6 131 181
34 164 146 125
43 33 121 84
87 45 98 141
186 127 152 9
71 92 72 159
16 179 14 157
74 168 190 129
10 78 115 78
93 10 166 134
117 199 105 189
128 188 72 185
193 102 53 56
138 119 133 118
170 39 87 51
158 100 150 93
151 198 92 3
21 139 111 90
129 68 24 192
129 54 123 92
33 155 94 107
45 10 80 55
146 19 84 38
3 168 74 52
74 118 118 92
67 142 111 47
180 33 196 52
46 69 188 54
36 87 85 75
44 194 161 94
22 20 81 16
170 80 38 117
149 42 90 8
66 127 99 14
36 46 53 129
178 156 193 73
21 198 30 170
177 186 128 6
86 25 47 27
28 79 8 190
51 9 152 22
167 9 1 32
152 125 4 94
46 175 43 50
150 25 48 28
116 161 108 194
167 76 167 32
151 198 143 76
127 147 38 20
67 82 149 13
30 55 165 187
69 145 63 27
35 50 85 15
170 51 123 145
111 58 3 25
10 56 64 143
154 104 12 63
108 183 191 138
95 186 76 139
82 67 164 102
149 102 144 153
95 33 110 159
172 22 81 76
87 49 88 144
196 91 50 163
145 123 189 81
49 70 186 54
151 2 188 128
130 10 124 51
25 98 70 106
166 147 13 63
86 176 137 131
9 17 48 111
66 57 113 74
69 190 8 110
19 14 69 135
17 96 71 4
19 121 188 2
19 44 27 46
81 167 101 58
78 158 167 53
12 61 166 63
15 129 128 177
61 95 67 58
100 20 145 115
65 39 188 128
13 64 83 133
3 161 187 14
193 102 164 72
14 127 120 126
135 127 42 47
25 175 77 158
44 172 178 35
53 38 188 90
130 197 64 3
119 185 195 169
38 114 164 37
9 123 41 185
135 149 164 177
7 131 49 79
167 77 14 95
68 169 111 140
13 75 2 31
47 178 79 49
160 69 110 174
78 48 189 46
109 27 65 11
105 196 1 52
96 24 64 174
97 177 62 121
76 12 38 45
124 97 3 86
115 150 140 39
99 72 189 139
65 125 192 15
199 36 189 140
177 188 44 85
142 156 136 191
161 31 31 131
192 165 41 2
25 98 58 111
148 34 196 4
200 52 109 27
134 17 174 128
152 42 147 106
129 193 121 67
139 177 186 114
87 68 140 150
93 13 16 143
87 39 155 146
144 86 134 157
102 186 70 2
70 98 194 58
91 107 156 121
148 191 41 29
81 97 103 44
52 168 134 50
147 90 164 171
124 17 187 110
142 5 187 51
80 43 19 38
69 44 45 163
88 46 128 106
133 93 130 156
155 79 25 77
53 105 119 33
63 1 194 2
58 13 71 45
12 29 158 46
177 27 109 70
50 29 139 163
103 20 55 59
148 182 42 31
118 80 10 20
77 198 200 161
146 68 109 116
49 106 151 197
160 129 168 15
134 105 65 63
73 188 43 42
69 15 29 4
97 50 60 110
1 67 137 106
35 27 109 50
19 174 58 84
192 102 24 3
172 51 91 95
181 127 34 84
160 8 191 101
43 84 188 1
135 167 200 127
34 34 44 58
34 71 96 174
159 42 116 122
180 114 16 139
51 103 106 89
164 91 41 165
89 165 95 47
37 69 91 146
30 19 170 6
15 12 74 191
157 119 170 76
46 72 171 196
113 108 163 102
27 105 133 113
130 198 42 17
65 111 190 157
126 85 156 178
176 67 162 114
99 163 45 102
131 4 86 39
159 194 106 71
157 198 40 90
58 67 197 35
42 37 110 54
45 98 132 34
84 196 3 42
128 43 80 6
76 71 78 10
170 122 62 106
80 154 136 49
23 170 33 5
117 38 31 79
76 37 142 163
140 44 27 23
164 165 131 174
56 168 75 192
90 158 2 139
135 153 92 37
40 110 74 149
13 109 192 153
115 61 157 157
102 172 40 118
142 6 105 149
83 11 61 39
113 119 131 6
60 75 75 32
113 20 28 120
167 20 135 17
52 30 80 149
85 151 136 199
27 36 90 86
7 22 172 131
199 181 44 8
200 18 186 10
199 177 156 60
80 107 105 117
194 141 100 144
182 98 2 143
188 75 144 95
98 116 139 164
191 185 41 104
91 135 55 22
92 54 190 80
93 143 106 81
121 107 143 188
159 11 105 134
91 149 13 157
98 51 123 55
120 111 115 113
112 70 35 178
61 16 44 96
115 140 189 35
77 55 11 59
49 156 160 70
38 48 20 82
125 4 32 34
98 83 130 173
172 61 115 111
134 79 47 31
130 141 5 33
19 146 145 95
95 179 20 20
134 199 96 131
158 152 147 152
68 143 57 197
19 3 10 124
138 116 176 178
180 114 199 166
86 56 141 124
117 164 139 21
115 26 147 45
167 132 62 127
174 17 68 127
51 188 143 107
70 188 8 104
43 157 157 76
33 170 109 106
188 34 58 124
127 186 138 84
122 38 69 46
77 53 125 152
146 183 178 132
168 61 44 125
15 127 32 75
175 78 118 122
79 106 69 130
164 165 5 37
132 194 85 50
30 35 164 76
151 90 47 198
110 178 176 147
34 67 164 196
136 53 43 59
62 19 30 179
154 135 147 6
154 38 90 183
191 32 33 138
24 11 180 12
164 10 65 177
109 173 83 117
118 8 169 37
96 174 162 61
15 45 56 75
195 96 176 182
62 177 65 42
72 30 133 76
80 129 128 81
139 9 9 106
178 143 18 91
153 97 37 92
31 135 33 1
161 194 43 76
81 22 86 169
153 169 6 96
186 23 133 36
195 200 98 194
97 153 170 183
115 133 33 29
67 121 42 96
11 81 20 103
72 163 124 69
177 6 2 97
157 14 104 99
162 138 135 146
91 194 108 120
150 34 86 66
55 129 145 141
46 141 96 68
60 28 102 61
130 78 148 30
88 176 86 5
43 93 170 40
95 199 115 193
8 121 88 51
156 98 65 4
94 60 190 57
28 167 199 16
111 1 105 70
107 144 111 153
55 184 64 52
200 138 118 100
13 109 13 71
100 38 24 33
189 152 9 45
95 127 54 186
29 58 64 119
102 90 75 127
158 64 94 36
54 188 67 176
181 75 185 159
87 58 140 45
2 161 141 102
41 199 9 65
46 3 129 142
197 51 6 102
56 179 124 10
178 94 121 116
107 168 48 27
89 91 157 65
1 188 121 62
189 105 27 60
41 78 71 13
188 3 64 165
170 88 16 22
162 93 187 105
20 113 69 118
43 124 156 129
89 159 149 175
173 62 9 2
104 90 151 99
187 40 172 30
41 194 104 143
120 45 154 6
70 88 8 118
103 9 39 102
9 120 184 170
23 59 166 133
194 184 82 116
79 65 121 169
142 188 93 134
135 145 144 100
95 72 38 65
106 69 5 45
85 194 124 35
177 37 142 174
158 58 39 160
140 102 127 81
40 106 101 41
107 41 170 2
51 175 43 50
65 103 19 155
22 133 163 72
156 110 88 98
174 64 55 77
63 176 119 153
194 34 69 132
63 21 93 115
144 7 1 185
72 9 106 177
199 111 120 9
31 66 7 79
28 190 110 156
65 57 133 93
183 63 126 120
144 190 200 5
120 28 60 9
31 54 75 169
124 43 160 198
139 191 8 44
3 88 104 92
166 68 143 119
72 5 104 51
9 106 157 130
171 45 170 64
63 121 8 79
128 73 12 74
29 77 133 24
28 197 139 86
5 180 165 74
31 96 66 148
10 129 64 119
162 142 146 35
168 12 131 75
176 178 86 162
128 9 103 65
114 54 144 48
139 173 99 38
97 129 9 69
102 118 59 52
83 187 184 133
99 149 91 54
76 64 13 71
80 65 73 126
105 77 132 65
166 13 48 82
141 19 168 7
72 144 171 159
24 41 91 178
76 189 118 133
3 124 141 64
188 105 199 196
135 100 38 147
59 69 106 133
68 12 144 23
135 93 81 116
169 75 187 75
183 58 118 175
139 116 61 95
184 38 56 178
145 48 176 115
199 55 135 177
58 96 4 160
147 129 61 163
191 105 108 11
14 115 145 83
68 152 108 25
75 75 181 131
83 76 171 177
127 200 140 37
62 42 88 1
91 51 90 144
18 138 128 142
70 118 168 12
53 2 12 68
79 178 170 106
97 199 200 23
154 55 147 136
43 81 169 160
157 99 142 59
115 84 63 147
200 10 121 50
8 134 148 177
200 50 143 68
121 140 150 50
95 51 135 38
117 121 76 57
25 76 129 63
114 76 146 172
79 28 92 115
149 69 187 105
92 149 14 28
192 125 172 35
74 12 66 191
27 145 56 182
58 58 111 140
19 185 29 24
27 96 17 71
29 61 129 56
9 61 138 93
80 36 94 155
117 136 118 95
113 52 200 178
110 119 44 61
139 38 133 123
64 94 139 15
198 163 178 52
90 195 185 21
159 59 187 74
122 54 123 34
2 50 170 68
144 7 124 19
120 91 144 184
73 3 46 196
10 102 28 20
25 3 182 159
184 89 156 179
181 127 66 95
151 76 83 27
117 24 142 164
76 91 111 128
25 9 19 10
137 110 156 68
9 71 3 45
158 130 148 31
63 162 130 90
130 83 190 200
178 177 48 113
11 159 134 122
114 2 7 169
114 48 39 26
91 68 23 15
91 94 144 158
48 1 64 144
129 19 125 54
57 135 129 129
161 101 84 35
20 64 40 53
48 25 106 189
65 15 90 36
169 7 157 115
109 113 6 184
152 136 198 60
126 72 166 105
75 129 160 34
162 125 44 65
118 136 66 187
100 141 80 38
58 158 47 28
11 83 151 149
56 171 130 69
115 21 63 79
119 53 79 150
42 182 29 80
118 190 145 81
48 119 6 128
186 103 43 181
133 106 136 33
32 37 154 70
3 49 186 141
110 43 15 178
187 3 52 3
102 121 7 77
86 169 187 50
173 112 122 134
168 39 72 29
13 55 129 3
95 96 118 90
188 119 150 30
197 184 107 139
33 147 149 99
112 46 54 1
159 81 11 42
115 3 14 126
24 133 127 31
19 35 125 14
92 71 144 147
32 27 95 165
182 122 148 111
45 140 101 180
5 87 71 123
26 29 27 108
159 195 180 134
159 188 156 181
9 77 29 140
162 143 104 88
165 55 169 79
4 125 78 171
164 67 11 47
70 103 16 146
90 42 89 166
75 187 68 12
107 199 186 169
152 9 163 198
161 9 36 170
128 138 20 63
95 14 118 69
31 47 56 121
130 47 9 10
144 188 84 48
116 81 135 156
97 189 36 135
119 198 157 36
162 86 141 126
115 142 44 72
88 1 22 152
183 108 27 63
142 51 89 32
17 35 19 124
102 194 144 166
162 116 119 176
108 108 47 60
31 182 9 140
10 23 58 95
84 71 67 63
177 66 25 186
178 48 180 52
27 64 187 92
49 13 179 126
148 122 105 64
74 89 93 188
178 35 178 136
55 154 144 129
9 96 25 19
139 174 140 102
147 176 35 56
186 159 80 10
75 94 26 169
105 53 142 149
119 37 76 121
83 12 30 14
72 51 124 18
194 132 83 88
103 138 114 26
42 11 188 130
180 6 160 137
158 20 159 133
61 96 94 57
103 175 116 145
81 113 109 149
119 81 1 63
70 104 50 103
59 170 184 20
119 27 18 132
166 16 160 82
126 39 99 28
119 97 67 96
42 24 167 95
12 37 133 64
110 92 78 46
59 44 16 8
66 44 163 45
116 146 54 179
20 94 43 172
58 73 91 120
90 24 17 139
36 77 116 65
15 85 44 33
98 56 169 96
39 97 92 134
14 129 147 26
67 95 61 179
169 105 176 79
113 60 155 65
100 158 199 36
101 128 63 84
31 119 121 195
56 129 14 100
141 76 133 71
66 96 178 33
112 21 15 95
144 65 121 188
144 5 41 54
91 197 101 19
170 50 43 175
144 16 131 95
139 95 88 9
22 193 152 133
46 88 36 12
5 90 173 167
38 135 148 45
167 147 22 81
141 46 197 101
110 36 53 100
66 33 136 59
189 162 143 149
125 168 59 14
133 72 18 93
10 177 97 23
91 48 46 189
185 110 175 45
70 99 98 110
182 111 24 160
24 102 13 33
162 10 124 110
84 146 166 68
8 72 43 110
15 144 157 127
150 3 97 93
47 57 162 35
191 183 120 166
92 35 197 71
106 143 64 154
144 71 106 10
14 14 59 20
187 24 90 40
144 185 72 126
109 169 86 144
130 17 7 82
76 141 146 132
157 34 25 79
185 196 177 166
120 99 97 80
75 85 49 188
59 92 123 2
151 69 14 59
45 15 33 98
192 3 123 64
139 121 34 163
122 182 179 19
186 146 93 86
123 9 96 128
87 68 156 4
164 188 41 198
125 33 176 68
50 91 147 176
164 198 5 167
183 179 178 136
11 47 23 186
171 109 10 180
197 172 15 79
54 41 101 179
36 148 193 79
64 20 103 3
117 108 175 103
127 29 26 130
66 86 36 118
182 31 148 29
149 9 53 51
124 149 115 149
110 16 84 110
32 138 86 49
187 138 136 158
199 31 149 196
16 69 160 172
62 184 179 19
189 186 198 152
155 42 27 182
20 18 200 68
32 86 132 37
83 39 65 27
85 199 134 15
179 4 187 80
198 52 196 148
19 166 129 113
32 140 153 75
116 98 196 142
140 3 115 14
58 33 74 101
72 6 133 38
106 125 27 128
44 123 110 119
188 3 183 156
139 3 34 134
1 106 128 185
76 143 178 171
71 85 15 4
31 63 196 14
16 48 144 128
70 198 186 35
65 155 26 39
20 24 184 55
132 124 58 124
21 54 72 122
129 190 191 114
136 106 111 67
112 95 75 88
173 21 5 134
177 142 32 129
4 73 85 94
84 106 173 45
12 2 68 166
109 104 155 195
189 136 79 22
116 130 163 29
31 98 33 63
47 42 197 81
81 22 52 1
114 140 153 48
48 19 18 20
19 96 169 117
162 65 149 49
168 107 80 110
176 12 188 115
74 12 176 133
66 197 63 170
12 187 54 188
98 129 60 87
98 25 159 110
192 47 49 15
108 109 143 68
158 115 72 69
124 198 155 33
85 132 86 66
64 24 68 14
184 121 162 67
132 36 80 65
187 176 25 153
79 191 139 88
24 111 43 72
100 136 4 138
200 180 139 155
144 153 111 139
198 144 30 45
44 34 121 172
137 69 158 29
80 117 103 18
47 11 108 198
80 81 163 36
127 181 43 121
137 1 27 11
142 71 193 174
46 50 2 53
9 93 56 86
53 53 14 14
71 183 125 92
35 66 12 120
24 65 58 160
119 100 7 168
83 177 79 174
144 4 72 140
48 167 73 42
194 56 58 142
23 22 21 140
20 55 121 94
91 73 184 62
151 85 71 30
70 167 195 32
188 194 105 138
96 30 109 184
53 106 40 14
9 149 19 141
165 114 24 187
188 142 114 75
198 129 121 8
192 191 136 164
157 95 186 102
143 93 129 10
78 164 19 149
31 194 32 135
66 35 96 9
5 151 27 71
164 114 161 56
17 37 8 51
163 53 82 102
197 130 49 136
11 24 174 139
127 3 16 86
69 94 42 95
87 174 128 2
156 177 70 160
150 37 51 105
5 7 143 188
62 111 69 106
47 14 134 190
135 6 186 60
3 5 193 89
6 169 69 6
169 36 181 79
117 4 31 199
47 95 75 164
150 72 99 34
78 171 3 151
68 129 97 128
136 156 126 179
79 118 118 14
118 172 171 180
37 153 88 13
142 37 44 59
147 57 135 32
139 167 66 59
32 167 180 166
138 36 110 61
35 36 112 188
71 63 7 5
109 147 15 23
111 169 115 186
115 126 63 145
88 74 187 131
105 169 37 133
3 9 71 34
147 56 158 85
22 6 191 128
37 69 42 127
82 138 61 126
109 34 184 81
136 33 155 168
152 38 72 58
143 33 13 28
61 161 121 19
48 168 110 46
156 49 140 111
166 171 164 34
193 95 192 127
7 2 75 158
119 81 44 37
5 127 40 41
102 119 105 180
88 3 29 142
164 67 111 48
188 196 166 72
85 20 19 147
36 158 62 109
177 65 64 200
111 171 30 172
20 18 124 154
50 37 43 103
24 178 96 167
67 188 54 109
58 90 95 118
32 41 174 30
99 127 91 186
51 95 78 149
148 62 176 97
45 67 98 17
117 11 64 170
184 16 187 86
160 58 162 67
148 77 3 71
123 200 99 110
15 81 75 129
136 122 105 11
159 97 93 149
149 119 109 11
62 115 138 111
172 102 24 62
166 13 15 133
69 106 128 132
72 170 117 95
180 49 85 147
122 180 110 37
146 142 78 125
119 31 171 81
50 21 8 16
131 33 99 58
63 13 166 119
140 7 17 37
71 22 147 76
60 17 199 14
178 82 191 93
131 104 88 138
195 159 134 196
141 117 151 23
112 51 81 91
62 179 194 91
89 11 92 198
33 107 194 1
190 118 160 101
177 10 14 65
74 60 186 84
194 140 121 141
158 17 157 7
38 184 156 163
113 162 171 60
106 144 176 154
187 169 192 94
118 70 177 139
72 44 30 144
62 13 102 73
12 166 176 144
104 154 64 179
27 81 128 174
157 30 54 127
152 22 79 88
99 114 134 81
181 138 76 19
35 97 79 176
54 114 62 134
87 186 171 49
147 93 145 3
63 155 182 128
79 31 127 59
170 63 65 80
29 25 69 27
122 46 112 134
98 17 42 121
4 134 128 129
24 38 37 3
42 169 140 200
48 84 121 94
88 110 137 184
160 113 80 118
77 36 88 3
172 186 36 42
179 95 54 136
108 108 85 177
137 67 105 110
145 135 154 141
177 64 129 2
105 74 162 129
96 42 198 123
15 95 5 160
28 179 136 126
4 155 94 156
75 127 79 127
67 89 107 188
97 40 105 187
92 175 25 54
105 58 155 77
195 198 41 25
109 174 139 106
200 198 127 5
93 14 187 4
143 96 95 66
124 58 35 19
184 56 69 111
190 121 184 197
168 129 88 184
194 109 97 56
42 139 2 169
145 146 143 17
4 129 136 95
108 155 41 120
36 17 98 87
124 42 21 139
31 124 3 8
171 162 174 77
118 149 108 94
57 66 86 135
76 132 191 189
20 138 170 19
64 36 171 195
84 192 95 196
142 127 186 130
85 172 167 70
168 19 164 195
107 49 97 51
191 104 164 78
48 93 195 90
134 80 115 147
36 155 60 5
200 90 82 184
96 199 136 163
50 17 4 142
68 128 6 14
105 191 48 13
29 121 139 61
124 10 124 86
148 36 5 56
80 198 42 36
86 3 187 5
147 109 9 90
187 75 59 16
179 146 132 66
82 53 40 78
162 63 96 143
79 22 85 197
14 183 146 63
123 69 25 108
192 104 162 191
119 169 55 21
183 95 192 109
120 63 153 192
102 43 96 61
163 133 178 38
168 52 103 123
123 119 102 41
61 10 109 123
111 157 57 190
148 15 43 111
31 2 114 180
30 6 142 67
176 170 145 190
130 98 182 159
91 142 162 85
179 80 97 135
139 102 72 29
20 82 126 153
181 28 198 21
35 176 166 12
75 165 136 95
155 36 79 181
86 90 42 198
69 19 123 44
10 140 115 25
64 196 171 78
4 15 186 95
117 95 136 151
132 63 189 72
65 198 15 4
